0 0.454737 0.397652 0.094494 0.125331
0 0.501612 0.190807 0.031994 0.0522487
0 0.356151 0.462136 0.0753968 0.107474
0 0.36818 0.556217 0.0820933 0.100529
0 0.43936 0.600529 0.077629 0.106481
0 0.511161 0.662368 0.0977183 0.121032
1 0.498636 0.550099 0.093006 0.127976
1 0.727183 0.297784 0.0416667 0.0512566
1 0.608631 0.596726 0.108631 0.147156
1 0.608631 0.727844 0.104663 0.140212
1 0.497272 0.233135 0.0372024 0.0449735
2 0.358879 0.503472 0.110615 0.263558
2 0.425719 0.543651 0.0969742 0.274471
2 0.502728 0.598049 0.109127 0.308532
2 0.612351 0.661541 0.143353 0.356812
2 0.498636 0.209491 0.0478671 0.104828
