0 0.69246 0.427745 0.167163 0.216601
1 0.499008 0.444279 0.146825 0.19213
0 0.175719 0.445602 0.148065 0.181548
0 0.181672 0.763724 0.146081 0.180886
0 0.512525 0.782407 0.138145 0.190476
0 0.71813 0.60797 0.155506 0.198743
0 0.706721 0.79795 0.158482 0.219577
0 0.897197 0.604167 0.175347 0.205026
0 0.912698 0.791501 0.174603 0.211971
1 0.338914 0.421792 0.142609 0.178902
1 0.348834 0.603836 0.16245 0.188492
1 0.162574 0.600694 0.142609 0.160384
1 0.344246 0.772817 0.139881 0.179894
1 0.538442 0.609127 0.146825 0.174603
1 0.926339 0.409722 0.147321 0.195106
2 0.169023 0.673942 0.215526 0.42328
2 0.345982 0.693287 0.196429 0.440145
2 0.521081 0.69957 0.19494 0.47123
2 0.71255 0.70453 0.207341 0.479828
2 0.901166 0.698413 0.197669 0.509259
