0 0.211558 0.272487 0.135417 0.168651
0 0.354663 0.260582 0.130952 0.169312
0 0.212922 0.57209 0.127728 0.16336
0 0.520709 0.58879 0.120288 0.161045
0 0.680308 0.590608 0.131448 0.168651
0 0.706349 0.428075 0.134921 0.178902
0 0.856771 0.432044 0.154018 0.175595
0 0.864707 0.592427 0.150546 0.177579
1 0.516865 0.276786 0.132937 0.185185
1 0.689112 0.265542 0.145585 0.18254
1 0.894097 0.265542 0.140873 0.173942
1 0.198289 0.422784 0.128224 0.151124
1 0.37252 0.424272 0.13244 0.172619
1 0.550471 0.436508 0.1188 0.158069
1 0.363467 0.580853 0.12624 0.157077
2 0.200273 0.484127 0.189732 0.376984
2 0.367188 0.498512 0.167907 0.393188
2 0.528894 0.500827 0.15501 0.394511
2 0.690476 0.508598 0.161706 0.410053
2 0.869172 0.509921 0.199157 0.410053
