0 0.685681 0.270337 0.0816799 0.0625
0 0.670966 0.328125 0.0767196 0.0555556
0 0.460152 0.285342 0.0638228 0.0493552
0 0.503142 0.243056 0.0585317 0.0545635
0 0.514716 0.293155 0.0611772 0.0545635
0 0.552579 0.30568 0.0648148 0.0642361
1 0.371693 0.563492 0.283069 0.210317
1 0.380126 0.749752 0.260251 0.198413
1 0.545635 0.201761 0.0753968 0.0567956
1 0.565311 0.253224 0.0697751 0.0575397
1 0.463294 0.237351 0.0548942 0.0491071
2 0.354001 0.645585 0.386574 0.501488
2 0.677745 0.295139 0.116071 0.147321
2 0.455688 0.258309 0.0793651 0.121776
2 0.555886 0.273438 0.0833333 0.125744
